# stock_length
1000
# n_order_types
124
489 1
488 2
482 1
481 1
478 2
477 1
476 1
475 1
473 1
472 2
469 1
468 1
467 2
465 1
462 1
456 1
454 3
453 1
450 2
449 1
448 2
445 1
444 2
443 1
442 1
440 1
438 2
437 4
435 1
434 1
431 1
430 1
429 1
428 2
426 3
425 1
423 3
422 2
420 1
418 1
414 1
412 1
410 2
406 1
405 2
403 2
401 1
397 2
392 1
391 1
388 1
387 2
386 1
383 2
381 1
366 1
361 1
358 1
346 1
345 1
342 1
341 1
336 1
333 1
328 3
327 1
325 2
324 2
323 1
317 1
316 3
315 3
313 1
312 1
311 2
310 2
309 1
304 2
303 1
300 4
299 1
297 1
296 2
295 1
294 6
293 1
292 1
291 1
290 2
289 1
287 1
286 2
284 3
283 1
282 4
281 1
280 3
278 2
277 3
276 3
275 1
274 2
272 3
271 1
270 3
269 5
268 1
267 7
266 4
264 6
263 2
262 4
261 4
260 4
259 3
258 4
257 4
256 3
255 1
254 4
253 4
252 5
251 2
250 4
