# stock_length
1000
# n_order_types
85
488 1
483 2
482 1
480 1
477 1
476 1
469 1
468 1
466 1
463 1
462 1
459 1
456 1
454 2
452 1
446 1
439 1
435 1
434 1
433 2
430 1
415 1
414 1
410 1
403 1
400 1
398 1
396 1
392 1
391 1
390 2
389 1
388 2
387 1
386 1
355 1
353 1
350 1
344 1
335 1
333 1
332 1
331 2
327 1
326 1
316 1
314 2
312 1
311 1
306 1
305 1
304 1
303 1
302 1
300 1
295 2
290 1
287 1
286 1
285 1
283 1
282 1
281 4
280 3
279 1
277 1
276 1
274 1
270 3
269 4
268 2
267 2
265 3
264 3
263 2
262 1
259 2
258 3
256 2
255 2
254 2
253 1
252 3
251 2
250 2
