# stock_length
1000
# n_order_types
121
489 2
488 1
487 2
485 1
483 3
482 2
480 1
478 2
476 1
474 2
473 1
472 3
471 2
469 2
467 2
466 1
465 1
464 2
461 1
457 2
453 1
452 1
451 1
450 1
449 1
448 1
444 1
442 1
440 1
436 3
434 1
433 2
432 1
427 1
425 1
423 1
421 1
418 1
417 1
416 1
415 2
413 1
410 1
399 2
398 3
396 2
395 2
394 1
393 1
390 1
387 1
383 3
382 2
381 1
363 1
359 1
355 1
352 1
346 1
344 1
343 1
339 1
336 1
333 1
331 2
328 2
325 2
324 1
323 1
319 1
318 1
314 1
312 1
311 2
307 1
306 1
305 1
304 2
303 2
302 4
300 1
299 1
298 3
295 3
294 2
292 1
291 2
290 1
285 1
284 1
283 4
281 1
280 2
279 3
278 2
277 4
275 3
274 3
273 3
272 1
271 2
269 6
268 2
267 1
266 4
265 8
264 2
263 3
262 3
261 5
260 5
259 3
258 2
257 6
256 8
255 4
254 4
253 4
252 4
251 3
250 4
