# stock_length
1000
# n_order_types
84
490 1
481 2
480 1
479 2
477 1
475 1
474 1
471 1
468 1
463 1
458 1
457 1
454 1
452 1
451 1
449 1
448 1
447 1
444 1
435 1
432 2
431 1
427 1
424 1
407 1
405 2
403 1
399 1
392 2
391 1
386 1
385 1
384 1
382 1
380 1
363 2
345 1
343 1
342 1
340 2
337 1
332 1
326 1
318 1
317 1
316 1
311 1
310 1
307 2
297 1
296 1
295 1
290 1
289 1
288 3
287 2
286 3
284 1
283 1
281 1
278 1
277 2
273 2
271 1
270 2
269 2
268 3
267 1
266 1
265 2
264 1
263 1
262 2
261 3
260 3
259 1
258 2
257 2
256 6
254 2
253 2
252 2
251 1
250 2
