# stock_length
1000
# n_order_types
152
490 1
489 1
488 2
487 3
486 3
482 2
481 1
480 1
478 2
477 2
476 1
475 2
474 1
471 1
470 1
469 1
468 1
467 1
464 1
462 1
461 3
460 2
459 2
456 1
455 2
453 1
449 1
448 2
447 2
446 1
441 2
440 1
439 2
438 3
436 1
434 1
432 2
431 3
430 2
429 2
428 2
427 1
426 2
425 2
424 2
422 1
420 1
419 2
418 1
415 1
414 1
413 2
412 3
410 1
409 1
408 1
407 1
406 1
404 4
403 2
402 2
401 3
398 2
396 1
393 1
391 2
390 3
387 1
386 2
385 2
384 1
383 1
381 2
356 1
353 1
350 1
349 2
348 1
347 2
345 1
341 2
338 1
335 2
334 1
333 3
332 2
331 3
328 4
327 2
326 1
323 2
322 5
321 2
320 1
319 1
318 2
316 1
315 1
314 2
313 2
312 1
311 1
310 2
309 2
307 1
306 2
305 2
303 1
299 2
298 2
296 1
294 1
293 2
292 2
291 3
289 4
287 2
286 3
285 3
284 3
283 2
282 4
281 3
280 3
279 4
278 6
276 3
275 6
274 7
272 3
271 1
270 2
269 5
268 6
267 3
266 5
265 4
264 7
263 5
262 2
261 8
260 7
259 4
258 5
257 2
256 4
255 6
254 1
253 5
252 10
251 5
250 13
