# stock_length
1000
# n_order_types
166
490 1
488 1
487 2
485 1
484 2
483 3
482 2
479 2
478 3
476 1
475 1
473 2
472 1
471 1
468 2
467 1
466 2
464 2
463 1
462 4
461 1
460 1
459 2
458 1
456 2
454 1
453 1
452 1
450 1
449 2
448 2
443 1
441 1
440 3
438 1
437 1
436 1
435 4
434 1
433 1
431 1
430 2
429 1
428 2
427 2
426 1
425 2
424 1
423 1
422 1
421 2
419 1
418 2
417 1
416 1
414 3
413 1
410 1
409 1
408 1
407 1
406 1
405 1
404 1
403 1
402 3
401 1
400 1
395 1
394 1
393 1
392 1
391 1
390 2
389 1
388 1
387 1
385 2
384 2
383 2
381 1
380 1
365 1
359 1
351 1
349 1
344 1
342 1
340 2
339 1
338 1
336 2
335 1
333 1
332 1
331 1
329 2
326 1
325 1
323 1
322 1
321 1
320 1
319 3
317 1
316 1
314 2
312 1
311 1
310 2
309 1
308 1
307 1
306 4
305 3
304 3
303 3
302 1
301 3
300 2
299 3
298 4
296 4
295 2
294 3
293 1
292 2
291 2
290 2
287 4
286 3
285 2
284 2
283 4
282 2
281 5
280 2
279 9
278 1
277 2
276 5
275 4
273 2
272 3
271 5
270 5
269 3
268 7
267 4
266 5
265 2
264 9
263 4
262 8
261 2
260 6
259 4
258 6
257 6
256 3
255 7
254 7
253 6
252 5
251 3
250 3
